Script started on 2021-12-06 17:29:24-07:00
]0;leeca@csa2:~/ass6leeca@csa2:~/ass6$ gcc a6.s
]0;leeca@csa2:~/ass6leeca@csa2:~/ass6$ ./a.out input.bin
x value		|arctan(x)
__________________________________
-0.9500000000	|-0.7597627549
-0.9000000000	|-0.7328151018
-0.8500000000	|-0.7044940642
-0.8000000000	|-0.6747409422
-0.7500000000	|-0.6435011088
-0.7000000000	|-0.6107259644
-0.6500000000	|-0.5763752206
-0.6000000000	|-0.5404195003
-0.5500000000	|-0.5028432109
-0.5000000000	|-0.4636476090
-0.4500000000	|-0.4228539261
-0.4000000000	|-0.3805063771
-0.3500000000	|-0.3366748194
-0.3000000000	|-0.2914567945
-0.2500000000	|-0.2449786631
-0.2000000000	|-0.1973955598
-0.1500000000	|-0.1488899476
-0.1000000000	|-0.0996686525
-0.0500000000	|-0.0499583957
0.0000000000	|0.0000000000
0.0500000000	|0.0499583957
0.1000000000	|0.0996686525
0.1500000000	|0.1488899476
0.2000000000	|0.1973955598
0.2500000000	|0.2449786631
0.3000000000	|0.2914567945
0.3500000000	|0.3366748194
0.4000000000	|0.3805063771
0.4500000000	|0.4228539261
0.5000000000	|0.4636476090
0.5500000000	|0.5028432109
0.6000000000	|0.5404195003
0.6500000000	|0.5763752206
0.7000000000	|0.6107259644
0.7500000000	|0.6435011088
0.8000000000	|0.6747409422
0.8500000000	|0.7044940642
0.9000000000	|0.7328151018
0.9500000000	|0.7597627549
]0;leeca@csa2:~/ass6leeca@csa2:~/ass6$ exit
exit

Script done on 2021-12-06 17:29:45-07:00
